M01 = [1, 0, 0, 0; 0, 1, 0, 0; 0, 0, 1, 0.1220; 0, 0, 0, 1];
M12 = [1, 0, 0, 0; 0, 0, -1, 0; 0, 1, 0, 0.248; 0, 0, 0, 1];
M23 = [1, 0, 0, 0; 0, 0, 1, 0.22; 0, -1, 0, 0; 0, 0, 0, 1];
M34 = [1, 0, 0, 0; 0, 0, -1, 0; 0, 1, 0, 0.3; 0, 0, 0, 1];
M45 = [1, 0, 0, 0; 0, 0, 1, 0.19; 0, -1, 0, 0; 0, 0, 0, 1];
M56 = [1, 0, 0, 0; 0, 0, -1, 0; 0, 1, 0, 0.28; 0, 0, 0, 1];
M67 = [1, 0, 0, 0; 0, 0, 1, 0.2574; 0, -1, 0, 0; 0, 0, 0, 1];
M = M01 * M12 * M23 * M34 * M45 * M56 * M67;
G1 = diag([0.014949, 0.014229,  0.0084166, 1.4233, 1.4233, 1.4233]);
G2 = diag([0.010766, 0.0051543, 0.010434, 1.0254, 1.0254, 1.0254]);
G3 = diag([0.01251, 0.012391, 0.0034997, 0.87372, 0.87372, 0.87372]);
G4 = diag([0.004759, 0.0020272, 0.0047718, 0.59734, 0.59734, 0.59734]);
G5 = diag([0.0042861, 0.0042436, 0.0011139, 0.36395, 0.36395, 0.36395]);
G6 = diag([0.002934, 0.0014922, 0.00055633, 0.4953, 0.4953, 0.4953]);
G7 = diag([0.00038591, 0.00038598, 0.00048035, 0.21866, 0.21866, 0.21866]);
Glist = cat(3, G1, G2, G3, G4, G5, G6, G7);
Mlist = cat(3, M01, M12, M23, M34, M45, M56, M67); 
Slist = [0,         0,         0,         0,        0,        0,        0;
         0,        -1,         0,        -1,        0,       -1,        0;
         1,         0,         1,         0,        1,        0,        1;
         0,      0.37,         0,      0.89,        0,     1.36,        0;
         0,         0,         0,         0,        0,        0,        0;
         0,         0,         0,         0,        0,        0,        0];